$ 1 0.000005 10.20027730826997 50 5 50 5e-11
L 128 208 80 208 2 1 false 5 0
M 432 176 480 176 2 2.5
L 112 176 80 176 2 1 false 5 0
L 192 144 80 144 2 1 false 5 0
150 192 128 272 128 0 3 5 5
I 112 176 272 176 0 0.5 5
w 112 112 112 176 0
x 50 214 57 217 4 24 f
x 53 144 67 147 4 24 g
x 46 181 59 184 4 24 e
x 476 152 488 155 4 24 y
152 352 176 432 176 0 2 5 5
w 128 128 192 128 0
w 128 208 272 208 0
w 128 128 128 208 0
w 112 112 192 112 0
150 272 192 352 192 0 2 0 5
w 272 128 352 128 0
w 352 128 352 160 0
