$ 1 0.000005 10.20027730826997 50 5 50 5e-11
150 256 144 256 224 0 2 5 5
150 352 144 352 224 0 2 0 5
152 304 288 304 384 0 2 0 5
152 496 288 496 384 0 2 5 5
152 672 288 672 384 0 2 0 5
152 880 288 880 384 0 2 5 5
L 304 128 304 48 2 1 false 5 0
w 304 128 272 128 0
w 272 128 272 144 0
w 304 128 336 128 0
w 336 128 336 144 0
w 528 128 528 144 0
w 496 128 528 128 0
w 464 128 464 144 0
w 496 128 464 128 0
L 496 128 496 48 2 0 false 5 0
150 544 144 544 224 0 2 0 5
150 448 144 448 224 0 2 0 5
w 720 128 720 144 0
w 688 128 720 128 0
w 656 128 656 144 0
w 688 128 656 128 0
L 688 128 688 48 2 1 false 5 0
150 736 144 736 224 0 2 0 5
150 640 144 640 224 0 2 5 5
w 912 128 912 144 0
w 880 128 912 128 0
w 848 128 848 144 0
w 880 128 848 128 0
L 880 128 880 48 2 0 false 5 0
150 928 144 928 224 0 2 0 5
150 832 144 832 224 0 2 0 5
w 1104 128 1104 144 0
w 1072 128 1104 128 0
w 1040 128 1040 144 0
w 1072 128 1040 128 0
L 1072 128 1072 48 2 1 false 5 0
150 1120 144 1120 224 0 2 0 5
150 1024 144 1024 224 0 2 5 5
w 1296 128 1296 144 0
w 1264 128 1296 128 0
w 1232 128 1232 144 0
w 1264 128 1232 128 0
L 1264 128 1264 48 2 0 false 5 0
150 1312 144 1312 224 0 2 0 5
150 1216 144 1216 224 0 2 0 5
w 288 272 288 288 0
w 320 272 320 288 0
w 736 224 736 256 0
w 832 224 832 288 0
w 1120 224 1120 256 0
152 1072 288 1072 384 0 2 0 5
152 1264 288 1264 384 0 2 5 5
150 160 144 160 224 0 2 0 5
150 1424 144 1424 224 0 2 5 5
L 1440 144 1440 48 2 1 false 5 0
L 144 144 144 48 2 0 false 5 0
w 160 224 160 272 0
w 160 272 288 272 0
w 448 224 448 272 0
w 448 272 320 272 0
w 352 224 352 256 0
w 352 256 480 256 0
w 480 256 480 288 0
w 640 224 640 256 0
w 640 256 512 256 0
w 512 256 512 288 0
w 544 224 544 288 0
w 544 288 656 288 0
w 832 288 688 288 0
w 736 256 864 256 0
w 864 256 864 288 0
w 1024 224 1024 256 0
w 1024 256 896 256 0
w 896 256 896 288 0
w 928 224 928 288 0
w 928 288 1056 288 0
w 1216 224 1216 288 0
w 1216 288 1088 288 0
w 1120 256 1248 256 0
w 1248 256 1248 288 0
w 1424 224 1424 256 0
w 1424 256 1280 256 0
w 1280 256 1280 288 0
w 256 224 256 256 0
w 256 256 208 256 0
w 208 256 208 384 0
w 1312 224 1312 240 0
w 1312 240 1392 240 0
w 1392 240 1392 384 0
M 208 384 208 448 2 2.5
M 304 384 304 448 2 2.5
M 496 384 496 448 2 2.5
M 672 384 672 448 2 2.5
M 880 384 880 448 2 2.5
M 1072 384 1072 448 2 2.5
M 1264 384 1264 448 2 2.5
M 1392 384 1392 448 2 2.5
L 48 80 16 80 2 0 false 5 0
I 64 112 112 112 0 0.5 5
w 48 80 48 112 0
w 48 112 64 112 0
w 112 112 240 112 0
w 240 128 240 144 0
w 240 112 240 128 0
w 240 112 432 112 0
w 432 112 432 144 0
w 432 112 624 112 0
w 624 112 624 144 0
w 624 112 816 112 0
w 816 112 816 144 0
w 816 112 1008 112 0
w 1008 112 1008 144 0
w 1008 112 1200 112 0
w 1200 112 1200 144 0
w 1200 112 1408 112 0
w 1408 112 1408 144 0
w 48 80 176 80 0
w 176 80 176 144 0
w 176 80 368 80 0
w 368 80 368 144 0
w 368 80 560 80 0
w 560 80 560 144 0
w 560 80 752 80 0
w 752 80 752 144 0
w 752 80 928 80 0
w 928 80 944 80 0
w 944 80 944 144 0
w 944 80 1136 80 0
w 1136 80 1136 144 0
w 1136 80 1328 80 0
w 1328 80 1328 144 0
x 9 51 80 54 4 18 Direction
x 9 161 63 164 4 18 0\s\q\sleft
x 8 198 73 201 4 18 1\s\q\sright
x 198 498 213 501 4 28 0
x 291 499 306 502 4 28 1
x 488 498 503 501 4 28 2
x 665 495 680 498 4 28 3
x 873 494 888 497 4 28 4
x 1067 496 1082 499 4 28 5
x 1258 500 1273 503 4 28 6
x 1384 501 1399 504 4 28 7
x 140 32 155 35 4 28 0
x 299 27 314 30 4 28 1
x 489 26 504 29 4 28 2
x 681 30 696 33 4 28 3
x 875 33 890 36 4 28 4
x 1066 30 1081 33 4 28 5
x 1256 29 1271 32 4 28 6
x 1432 28 1447 31 4 28 7
x 7 344 183 347 4 36 8\sbit\sshifter
